    3       1      13      41
   13      14      42      41
    4       3      41      43
   32       2      11      44
   11      10      45      44
   33      32      44      46
   12      23      47      21
   20      21      47      48
   23      24      49      47
   19      20      48      50
   18      19      50      51
   17      18      51      52
   16      17      52      53
   15      16      53      54
   14      15      54      42
    5       4      43      55
    6       5      55      56
    7       6      56      57
    8       7      57      58
    9       8      58      59
   10       9      59      45
   34      33      46      60
   35      34      60      61
   36      35      61      62
   37      36      62      63
   38      37      63      64
   24      25      65      49
   25      26      66      65
   26      27      67      66
   27      28      68      67
   28      29      69      68
   39      38      64      70
   40      39      70      71
   22      40      71      31
   29      30      72      69
   30      31      71      72
   44      45      73      46
   48      47      49      74
   43      41      42      75
   60      46      73      76
   61      60      76      77
   62      61      77      78
   63      62      78      79
   64      63      79      80
   70      64      80      81
   71      70      81      72
   55      43      75      82
   56      55      82      83
   57      56      83      84
   58      57      84      85
   59      58      85      86
   45      59      86      73
   49      65      87      74
   65      66      88      87
   66      67      89      88
   67      68      90      89
   68      69      91      90
   69      72      81      91
   42      54      92      75
   54      53      93      92
   53      52      94      93
   52      51      95      94
   51      50      96      95
   50      48      74      96
   91      81      80      97
   80      79      98      97
   90      91      97      99
   79      78     100      98
   78      77     101     100
   77      76     102     101
   76      73      86     102
   89      90      99     103
   88      89     103     104
   87      88     104     105
   74      87     105      96
   75      92     106      82
   83      82     106     107
   92      93     108     106
   84      83     107     109
   93      94     110     108
   85      84     109     111
   86      85     111     102
   94      95     112     110
   95      96     105     112
   99      97      98     113
  102     111     114     101
  112     105     104     115
  100     101     114     116
   98     100     116     113
  104     103     117     115
  103      99     113     117
  107     106     108     118
  108     110     119     118
  110     112     115     119
  109     107     118     120
  111     109     120     114
  118     119     121     120
  119     115     117     121
  114     120     121     116
  117     113     116     121